      0/24     5.91G      5.31       122      3.15       131        21       512  0.000117         1   0.00378  0.000234      4.64       113      3.68
      1/24     5.91G      5.35       107      3.24       115        18       512  0.000117         1   0.00378  0.000234      4.64       113      3.68
      2/24     5.91G      4.73      69.5      3.41      77.7        17       512  1.46e-05    0.0476  9.33e-05  2.92e-05      4.22      31.7      2.03
      3/24     5.91G      5.11      32.6      2.71      40.4        18       512  1.46e-05    0.0476  9.33e-05  2.92e-05      4.22      31.7      2.03
      4/24     5.91G      5.06      22.1      2.64      29.8        18       512         0         0  9.47e-05         0      4.58      10.8      1.82
      5/24     5.91G      5.16      11.5      2.96      19.7        18       512         0         0  9.47e-05         0      4.58      10.8      1.82
      6/24     5.91G      4.71      8.54      1.99      15.2        18       512         0         0  8.06e-05         0       4.6      4.74      1.51
      7/24     5.91G      4.53       5.3      1.94      11.8        17       512         0         0  8.06e-05         0       4.6      4.74      1.51
      8/24     5.91G      4.52       4.7      2.13      11.4        21       512         0         0  5.64e-05         0      4.23      2.94      1.24
      9/24     5.91G      4.18      3.43      1.69      9.29        17       512         0         0  5.64e-05         0      4.23      2.94      1.24
     10/24     5.91G      4.89      3.42      1.47      9.78        19       512         0         0  8.13e-05         0       3.7       2.4      1.05
     11/24     9.41G       4.2      2.86       1.5      8.56        19       512         0         0  8.13e-05         0       3.7       2.4      1.05
     12/24     9.41G       4.2      2.87      1.34      8.42        19       512         0         0  1.05e-05         0       3.4      2.33     0.924
     13/24     9.41G      4.93      2.84      1.15      8.91        17       512         0         0  1.05e-05         0       3.4      2.33     0.924
     14/24     9.41G      4.42      3.19      1.25      8.86        22       512         0         0         0         0      3.16      2.44     0.811
     15/24     13.3G      4.14      2.91      1.07      8.12        16       512         0         0         0         0      3.16      2.44     0.811
     16/24     13.3G      3.84      2.85     0.994      7.68        21       512         0         0         0         0      3.01      2.59     0.717
     17/24     13.3G      4.13      3.07     0.851      8.05        17       512         0         0         0         0      3.01      2.59     0.717
     18/24     13.3G       3.2      3.32     0.818      7.33        18       512         0         0         0         0      2.98      2.73     0.647
     19/24     13.3G      3.88      3.62     0.984      8.48        23       512         0         0         0         0      2.98      2.73     0.647
     20/24     13.3G      3.98      3.52     0.912      8.42        25       512         0         0         0         0      3.01      2.84     0.588
     21/24     13.3G      4.11      2.86      0.68      7.65        16       512         0         0         0         0      3.01      2.84     0.588
     22/24     13.3G      3.63      3.12     0.772      7.52        16       512         0         0         0         0      3.33      2.91     0.546
     23/24     13.3G       4.3      3.59      0.85      8.75        20       512         0         0         0         0      3.33      2.91     0.546
     24/24     13.3G      4.32      3.61     0.819      8.75        21       512         0         0         0         0      3.47      2.98     0.519
