3 0.21889671361502347 0.3572916666666667 0.07629107981220658 0.20625
3 0.39260563380281693 0.303125 0.08568075117370892 0.19375
3 0.4671361502347418 0.5479166666666666 0.09859154929577466 0.31666666666666665
3 0.5915492957746479 0.3416666666666667 0.05868544600938967 0.19166666666666665
3 0.6379107981220657 0.7583333333333333 0.16314553990610328 0.45416666666666666
3 0.08392018779342723 0.28020833333333334 0.04342723004694836 0.10625
3 0.0545774647887324 0.46041666666666664 0.09976525821596244 0.24166666666666667
3 0.23650234741784038 0.6333333333333333 0.1795774647887324 0.35
3 0.028169014084507043 0.26979166666666665 0.04929577464788733 0.12708333333333333
3 0.018192488262910797 0.28125 0.022300469483568074 0.0625
3 0.7112676056338029 0.44166666666666665 0.15492957746478875 0.1625
3 0.7582159624413146 0.6010416666666667 0.1971830985915493 0.3645833333333333
3 0.1619718309859155 0.309375 0.08450704225352113 0.16875
